# Unified list of all affected account IDs (AP News, 419, 197, deduplicated)

1949753
1967723
1955279
1867259
1950485
1726585
1927301
1915465
1631257
1522615
1976646
1924669
1820448
1965395
1715908
1155663
1965043
1923446
1879039
1967758
1974107
1965911
1969739
1905231
1956247
1927298
1919240
1965448
1769887
1968352
1965954
1642303
1945931
1923366
1894082
1155660
1943936
1976642
1968328
1908489
1957216
1974684
1966257
1844592
1667067
1977286
1947179
1932503
1976653
1929625
1966760
1971347
1928188
1967718
1962428
1866436
1717710
1957656
1626789
1783836
1949147
1740406
1958763
1615980
1907311
1961909
1954441
1958849
1955764
1953111
1952797
1976145
1641381
1977288
1961792
1915762
1919975
1944486
1969714
1944100
1924724
1971297
1629973
1939730
1968653
1971950
1971947
1879019
1928112
1956246
1965591
1953822
1952731
1940600
1071765
1955850
1965035
1969192
1976656
1965859
1663102
1892162
1792639
1974111
1955392
1976654
1979246
1942560
1679083
1896791
1979000
1953229
1878036
1965488
1951134
1968291
1913975
1844594
1944469
1809372
1473556
1980172
1951148
1722140
1977752
1949146
1973690
1956296
1979223
1966767
1901830
1977281
1665682
1780950
1965011
1799751
1767721
1976645
1887419
1912937
1876278
1957654
1976143
1976694
1060304
1870701
1819477
1969968
1969425
1974206
1922487
1896304
1884478
1780902
1972803
1268287
1837128
1907300
1952790
1595483
1819897
1703697
1677900
1955770
1968939
1961790
1863522
1934468
1162263
1977278
1964906
1959644
1970469
1979242
1909460
1162266
1787630
1638113
1928174
1847482
1949148
1945864
1964905
1949821
1808703
1945332
1967721
1974106
1949785
1835080
1879038
1952077
1947175
1970071
1964035
1965851
1971354
1816754
1978998
1949784
1889703
1969921
1638620
1951147
1945270
1927287
1953730
1933787
1951056
1943005
1622368
1927226
1950453
1950456
1934040
1921302
1955192
1969708
1968225
1955841
1772266
1634194
1979244
1959642
1955768
1972805
1934037
1952644
1850103
1976647
1977287
1825112
1479842
1962423
1785569
1928079
1962291
1888023
1905448
1927324
1962732
1968943
1942452
1969196
1934058
1976141
1735900
1800578
1835081
1693838
1866432
1977754
1268355
1771771
1969886
1920302
1969730
1939593
1952647
1777290
1979226
1923812
1973186
1967725
1955842
1850101
1949754
1866392
1840815
1968004
1817408
1968248
1624413
1811138
1968005
1963488
1766397
1947726
1938845
1900040
1960888
1811524
1970932
1967760
1976156
1522612
1952648
1953768
1955831
1817747
1955765
1781419
1960057
1914001
1973691
1794935
1770615
1949755
1979224
1590658
1970072
1967139
1956710
1946631
1958171
1656131
1975572
1956727
1967476
1654528
1953083
1913978
1952628
1850176
1977289
1849716
1878650
1976157
1965403
1961731
1722134
1956700
1966757
1960070
1915469
1893458
1959188
1817344
1908541
1938862
1132246
1967141
1944483
1965032
1703698
1682991
1964050
1955849
1967728
1776999
1919244
1571558
1655677
1929677
1974662
1479838
1962748
1927283
1665684
1918942
1907299
1945269
1761998
1920188
1970491
1810967
1657982
1953761
1794439
1934556
1944485
1969037
1970457
1830652
1968351
1661122
1942449
1977695
1922489
1965487
1974089
1980206
1959194
1722965
1920780
1977757
1636375
1953904
1909464
1953769
1967722
1828441
1909451
1923854
1953236
1881354
1965071
1879951
1934039
1883418
1814515
1973665
1953803
1628370
1973311
1652589
1979229
1967811
1811550
1823179
1535322
1927277
1972757
1617958
1968940
1902375
1567524
1663104
1959195
1969752
1904254
1934550
1976160
1961691
1945265
1946543
1969753
1634305
1945334
1741444
1955838
1961026
1977283
1398936
1611670
1942973
1925532
1783119
1969707
1952662
1611941
1969716
1761170
1715962
1535715
1976643
1518037
1959643
1968609
1943957
1928166
1811518
1949930
1977282
1674012
1816270
1962743
1965489
1974579
1903660
1976148
1975705
1966259
1638044
1976609
1953767
1969888
1955394
1974110
1828424
1969424
1890518
1657788
1956344
1968226
1711489
1958190
1666388
1944484
1959192
1776995
1941561
1965857
1602916
1896793
1668392
1969961
1947648
1572152
1957671
1865425
1979241
1977756
1479837
1656169
1922540
1626213
1967757
1962490
1961789
1797494
1967732
1944063
1933807
1967719
1825115
1938905
1956826
1774063
1968280
1977755
1962287
1955242
1648553
1641426
1946546
1967265
1969955
1919929
1891317
1969976
1952794
1925462
1864183
1969885
1963489
1965657
1940555
1950395
1966646
1977277
1966625
1951136
1945959
1974678
1413850
1958683
1955755
1780845
1965062
1976652
1969014
1950491
1934055
1974578
1717280
1956825
1949876
1933789
1938861
1650338
1967802
1883545
1952645
1974109
1952038
1831657
1970470
1631523
1939727
1336230
1977276
1969973
1817745
1946538
1934045
1945964
1790066
1970477
1915615
1954296
1918907
1820076
1475173
1727776
1949149
1971300
1976655
1962426
1790193
1942977
1955846
1949797
1449541
1968651
1946541
1966632
1878349
1969928
1884472
1597490
1628098
1809438
1957653
1409860
1957214
1953762
1409861
1957641
1972724
1965592
1343639
1968942
1974108
1957642
1906052
1934041
1940792
1820453
1968655
1667077
1959193
1892353
1979245
1965930
1922215
1967228
1924691
1963541
1948575
1974205
1976140
1966237
1919120
1976147
1947145
1930282
1943950
1623609
1974681
1783721
1827662
1943946
1878372
1967808
1645997
1693079
1972741
1969195
1966759
1846111
1969969
1410183
1618242
1976142
1937436
1900899
1957643
1967729
1627306
1665679
1682199
1655676
1970471
1952083
1733135
1963491
1934052
1215812
1970476
1967720
1965869
1679087
1956227
1462922
1946634
1950435
1961730
1969049
1929079
1920194
1915600
1919282
1908683
1425690
1914250
1912974
1899760
1907271
1934286
1910198
1929015
1889326
1905236
1781411
1896030
1857143
1352198
1907383
1881854
1886322
1927367
1925530
1924955
1899166
1912802
1928013
1924961
1895867
1881883
1833285
1424656
1607160
1882251
1833860
1925694
1909385
1909587
1920469
1936885
1894130
1907516
1896885
1941905
1894525
1938059
1933775
1644506
1901007
1907885
1921462
1929107
1929951
1935336
1939790
1943993
1943664
1943602
1936843
1935145
1935730
1942405
1842014
1943621
1911893
1928843
1939247
1944607
1945348
1883417
1939334
1944573
1938066
1925696
1945942
1945937
1904245
1947296
1936827
1908837
1947109
1947304
1920193
1792854
1904249
1927093
1943951
1511236
1860125
1942999
1947765
1947761
1941156
1920197
1939816
1920200
1937426
1934285
1904243
1927073
1939713
1923392
1946080
1946084
1927074
1904248
1925332
1889788
1941195
1941131
1820428
1945850
1934283
1924943
1948754
1951144
1941669
1940262
1826503
1827872
1943663
1346317
1916785
1951979
1933777
1938564
1939814
1950370
1939709
1941196
1908656
1833317
1823078
1861571
1949239
1890632
1909654
1904244
1929315
1958866
1940640
1949134
1833361
1803836
1859995
1937588
1929299
1943081
1949258
1957113
1912972
1949157
1959374
1823262
1939712
1939963
1951366
1948109
1895912
1947177
1766692
1881443
1948980
1708395
1777430
1874381
1936999
1936044
1923699
1897286
1895857
1958722
1959226
1959240
1945580
1894752
1957360
1942452
1958388
1959729
1956903
1606199
1958830
1913854
1950734
1952057
1958987
1847119
1894125
1952731
1925532
1872062
1939729
1671075
1878208
1040822
1060304
1071765
1077096
1132246
1155663
1162263
1170402
1170403
1170404
1170405
1170406
1170407
1170408
1170409
1170410
1170411
1170412
1170413
1170414
1170415
1170416
1170417
1170418
1170419
1170420
1170421
1170422
1170423
1170424
1170425
1170426
1170427
1170428
1170429
1170430
1170431
1170432
1170433
1170434
1170435
1170436
1170437
1170438
1170439
1170440
1170441
1170442
1170443
1170444
1170445
1170446
1170447
1170448
1170449
1170450
1170451
1170452
1170453
1170454
1170455
1170456
1170457
1170458
1170459
1170460
1170461
1170462
1170463
1170464
1170465
1170466
1170467
1170468
1170469
1170470
1170471
1170472
1170473
1170474
1170475
1170476
1170477
1170478
1170479
1170480
1170481
1170482
1170483
1170484
1170485
1170486
1170487
1170488
1170489
1170490
1170491
1170492
1170493
1170494
1170495
1170496
1170497
1170498
1170499
1170500
1170501
1170502
1170503
1170504
1170505
1170506
1170507
1170508
1170509
1170510
1170511
1170512
1170513
1170514
1170515
1170516
1170517
1170518
1170519
1170520
1170521
1170522
1170523
1170524
1170525
1170526
1170527
1170528
1170529
1170530
1170531
1170532
1170533
1170534
1170535
1170536
1170537
1170538
1170539
1170540
1170541
1170542
1170543
1170544
1170545
1170546
1170547
1170548
1170549
1170550
1170551
1170552
1170553
1170554
1170555
1170556
1170557
1170558
1170559
1170560
1170561
1170562
1170563
1170564
1170565
1170566
1170567
1170568
1170569
1170570
1170571
1170572
1170573
1170574
1170575
1170576
1170577
1170578
1170579
1170580
1170581
1170582
1170583
1170584
1170585
1170586
1170587
1170588
1170589
1170590
1170591
1170592
1170593
1170594
1170595
1170596
1170597
1170598
1170599
1170600
1170601
1170602
1170603
1170604
1170605
1170606
1170607
1170608
1170609
1170610
1170611
1170612
1170613
1170614
1170615
1170616
1170617
1170618
1170619
1170620
1170621
1170622
1170623
1170624
1170625
1170626
1170627
1170628
1170629
1170630
1170631
1170632
1170633
1170634
1170635
1170636
1170637
1170638
1170639
1170640
1170641
1170642
1170643
1170644
1170645
1170646
1170647
1170648
1170649
1170650
1170651
1170652
1170653
1170654
1170655
1170656
1170657
1170658
1170659
1170660
1170661
1170662
1170663
1170664
1170665
1170666
1170667
1170668
1170669
1170670
1170671
1170672
1170673
1170674
1170675
1170676
1170677
1170678
1170679
1170680
1170681
1170682
1170683
1170684
1170685
1170686
1170687
1170688
1170689
1170690
1170691
1170692
1170693
1170694
1170695
1170696
1170697
1170698
1170699
1170700
1170701
1170702
1170703
1170704
1170705
1170706
1170707
1170708
1170709
1170710
1170711
1170712
1170713
1170714
1170715
1170716
1170717
1170718
1170719
1170720
1170721
1170722
1170723
1170724
1170725
1170726
1170727
1170728
1170729
1170730
1170731
1170732
1170733
1170734
1170735
1170736
1170737
1170738
1170739
1170740
1170741
1170742
1170743
1170744
1170745
1170746
1170747
1170748
1170749
1170750
1170751
1170752
1170753
1170754
1170755
1170756
1170757
1170758
1170759
1170760
1170761
1170762
1170763
1170764
1170765
1170766
1170767
1170768
1170769
1170770
1170771
1170772
1170773
1170774
1170775
1170776
1170777
1170778
1170779
1170780
1170781
1170782
1170783
1170784
1170785
1170786
1170787
1170788
1170789
1170790
1170791
1170792
1170793
1170794
1170795
1170796
1170797
1170798
1170799
1170800
1170801
1170802
1170803
1170804
1170805
1170806
1170807
1170808
1170809
1170810
1170811
1170812
1170813
1170814
1170815
1170816
1170817
1170818
1170819
1170820
1170821
1170822
1170823
1170824
1170825
1170826
1170827
1170828
1170829
1170830
1170831
1170832
1170833
1170834
1170835
1170836
1170837
1170838
1170839
1170840
1170841
1170842
1170843
1170844
1170845
1170846
1170847
1170848
1170849
1170850
1170851
1170852
1170853
1170854
1170855
1170856
1170857
1170858
1170859
1170860
1170861
1170862
1170863
1170864
1170865
1170866
1170867
1170868
1170869
1170870
1170871
1170872
1170873
1170874
1170875
1170876
1170877
1170878
1170879
1170880
1170881
1170882
1170883
1170884
1170885
1170886
1170887
1170888
1170889
1170890
1170891
1170892
1170893
1170894
1170895
1170896
1170897
1170898
1170899
1170900
1170901
1170902
1170903
1170904
1170905
1170906
1170907
1170908
1170909
1170910
1170911
1170912
1170913
1170914
1170915
1170916
1170917
1170918
1170919
1170920
1170921
1170922
1170923
1170924
1170925
1170926
1170927
1170928
1170929
1170930
1170931
1170932
1170933
1170934
1170935
1170936
1170937
1170938
1170939
1170940
1170941
1170942
1170943
1170944
1170945
1170946
1170947
1170948
1170949
1170950
1170951
1170952
1170953
1170954
1170955
1170956
1170957
1170958
1170959
1170960
1170961
1170962
1170963
1170964
1170965
1170966
1170967
1170968
1170969
1170970
1170971
1170972
1170973
1170974
1170975
1170976
1170977
1170978
1170979
1170980
1170981
1170982
1170983
1170984
1170985
1170986
1170987
1170988
1170989
1170990
1170991
1170992
1170993
1170994
1170995
1170996
1170997
1170998
1170999
1171000
