1012406
1024460
1026137
1027586
1029063
1037322
1037985
1040822
1045947
1053061
1065940
1067499
1075339
1078021
1089259
1090820
1092454
1101491
1113022
1125726
1130008
1132032
1134362
1139776
1141329
1142794
1146153
1149710
1151238
1154768
1154777
1154813
1157985
1158104
1158105
1158114
1158115
1158122
1158124
1158125
1158126
1159717
1160045
1161128
1162367
1163289
1163329
1164677
1164680
1167187
1169048
1169469
1174200
1178784
1179865
1180256
1180258
1180422
1180434
1182088
1182379
1186453
1186456
1188794
1191608
1192099
1192284
1192808
1193595
1193599
1195544
1196123
1203475
1212269
1216693
1216698
1217250
1217931
1221183
1222860
1222887
1222889
1222913
1222915
1222923
1222926
1223084
1231729
1231756
1233503
1233506
1234963
1235535
1236199
1236584
1242214
1242218
1242221
1243307
1243600
1243922
1244789
1245568
1246398
1247698
1248571
1249225
1254399
1257534
1259912
1261341
1261342
1261347
1261530
1262331
1263904
1263911
1263923
1263941
1263942
1263943
1263948
1274282
1280012
1280736
1284535
1284629
1286221
1287711
1289301
1297535
1302783
1302784
1303163
1307205
1314184
1314185
1315543
1315921
1319221
1326084
1326473
1329605
1332163
1336242
1337462
1337463
1338323
1338761
1339358
1341693
1343758
1344087
1344311
1344323
1345539
1346112
1349211
1350060
1354098
1358100
1362276
1364814
1366732
1369187
1369808
1371453
1379207
1381739
1384346
1384347
1384424
1384852
1386362
1388574
1388687
1392724
1395069
1395070
1395554
1395861
1400443
1400499
1400523
1400529
1403082
1403084
1403087
1403109
1403116
1403124
1407229
1409064
1409861
1410236
1412516
1413707
1414332
1414782
1418635
1420146
1420884
1423447
1423466
1423689
1424242
1429459
1429573
1431245
1434448
1435420
1435471
1436855
1439105
1444391
1444749
1445491
1445821
1452931
1454530
1465359
1465432
1465442
1466082
1467658
1468005
1468591
1469649
1470633
1472951
1472957
1473725
1476909
1477531
1480909
1481792
1482425
1482508
1486467
1487904
1491111
1491569
1492409
1493296
1494611
1495925
1496099
1496730
1496731
1496732
1498393
1499765
1503114
1503115
1503400
1505324
1505399
1505800
1507923
1509208
1512100
1514167
1515430
1515705
1517154
1518908
1519097
1519573
1521661
1521664
1521784
1521824
1522699
1522741
1524183
1525389
1527712
1528446
1529520
1529951
1531733
1532113
1534975
1534978
1536938
1537723
1537742
1537789
1541315
1542195
1542197
1543086
1543268
1544513
1546365
1549103
1551499
1551936
1553785
1554719
1554983
1558017
1558551
1560452
1560712
1561489
1561572
1561575
1561576
1562511
1563024
1564064
1567276
1568716
1568804
1568805
1568810
1568811
1568813
1568814
1568816
1569023
1569425
1569728
1571621
1573104
1573643
1593228
1593234
1595938
1597491
1597538
1601636
1601673
1601755
1602744
1604793
1604888
1606199
1607761
1608493
1610349
1610353
1611881
1612171
1612629
1612646
1612695
1613032
1615291
1616195
1617239
1623465
1623932
1624255
1624256
1626787
1628013
1631907
1632454
1632458
1633877
1635216
1635266
1636529
1637178
1637481
1639343
1639680
1639843
1640773
1641804
1642860
1643755
1643924
1644210
1644220
1644276
1644719
1646095
1653125
1653954
1655756
1656907
1658755
1658883
1661205
1661347
1661466
1662031
1662688
1662748
1663251
1663593
1665684
1665811
1668773
1670000
1670628
1674493
1680533
1683837
1684602
1684629
1684644
1684647
1684892
1686447
1686449
1686450
1686455
1686460
1689847
1692690
1693079
1696655
1698023
1703696
1708395
1708492
1711088
1711163
1711286
1711447
1714336
1715203
1715250
1716393
1716730
1717481
1718197
1721246
1722157
1722665
1724755
1725655
1726682
1726753
1730191
1730251
1731760
1732952
1736476
1737035
1737037
1737803
1738655
1742739
1743385
1743391
1745807
1748427
1751710
1751738
1752780
1752791
1753346
1754032
1756008
1756034
1756039
1756490
1758623
1760395
1760403
1760410
1760876
1762590
1763463
1763937
1763947
1764096
1764098
1764100
1765158
1767745
1768412
1770309
1772797
1773044
1773118
1774682
1775278
1777670
1777675
1777679
1777697
1777707
1777721
1777776
1777777
1777780
1778505
1780974
1781373
1781404
1782713
1782782
1784790
1785609
1787792
1789403
1789425
1789738
1789741
1789862
1789901
1789909
1789910
1789990
1790216
1791160
1791166
1793228
1793771
1793775
1794429
1794558
1794999
1795569
1796622
1796623
1796628
1796629
1796631
1796900
1797272
1797449
1797450
1797494
1797664
1799619
1800365
1800371
1800377
1801277
1803000
1803015
1803836
1806018
1806264
1806269
1806660
1807116
1807363
1807786
1807945
1808452
1808503
1808568
1810057
1810967
1811138
1812930
1812931
1812944
1813337
1813472
1814097
1814796
1814810
1815294
1816270
1816638
1817615
1817879
1818280
1819226
1819479
1820131
1820164
1820428
1822009
1822315
1822507
1822530
1822748
1823296
1823467
1823948
1825121
1825200
1825702
1825822
1826399
1826522
1827424
1827683
1827791
1828190
1828226
1828746
1829330
1829977
1830360
1830362
1830636
1831395
1832579
1832600
1832660
1832760
1833167
1833306
1833361
1833477
1834738
1835216
1835735
1836764
1837066
1837128
1838351
1838548
1838986
1839565
1840298
1840301
1840302
1840303
1840306
1842139
1842404
1842539
1843381
1843612
1843671
1844180
1844238
1844806
1846314
1846385
1846463
1846791
1847119
1847371
1847686
1847688
1849303
1851000
1851217
1851684
1852500
1853299
1853728
1853842
1853844
1853845
1853976
1853996
1854664
1854667
1854669
1854670
1857977
1857983
1857988
1857989
1858000
1858700
1859490
1864378
1865532
1865535
1865537
1866808
1867399
1872000
1872224
1872226
1872243
1872521
1872525
1872537
1872546
1872921
1874381
1875145
1876638
1876698
1877950
1878096
1878372
1878496
1878987
1879074
1879182
1879224
1879324
1879337
1879342
1880199
1880523
1880524
1881187
1881418
1881443
1881523
1882045
1882995
1882996
1882998
1882999
1883005
1883163
1883194
1883206
1884173
1884174
1884175
1884177
1884178
1884182
1884183
1884186
1884187
1884252
1884700
1884921
1885130
1885872
1886534
1886990
1887068
1887118
1887125
1887164
1887166
1887169
1887193
1887423
1887424
1889269
1889270
1889272
1889274
1889703
1889788
1890632
1890970
1891394
1891541
1891544
1892325
1892887
1893138
1893139
1893623
1894125
1894258
1894261
1894637
1895053
1896129
1896474
1896636
1896894
1896948
1897095
1897397
1897402
1897413
1897687
1898733
1898840
1898879
1899226
1899286
1899417
1899703
1899706
1900025
1900189
1900213
1900222
1900502
1900672
1900676
1900899
1900997
1901866
1901909
1902377
1904243
1904248
1905254
1905261
1905494
1905514
1905515
1907175
1907299
1907538
1907893
1908855
1909457
1909519
1910713
1911051
1911656
1911659
1912072
1912972
1913059
1913908
1913975
1913978
1913993
1914001
1914149
1914795
1914956
1915615
1915762
1915826
1916196
1918145
1918253
1918487
1918640
1919298
1919920
1919926
1919928
1920093
1920118
1920169
1920172
1920173
1920200
1920206
1920260
1920274
1920714
1921012
1921564
1921602
1921986
1922027
1922338
1922487
1922489
1922538
1922930
1922938
1922974
1923245
1923392
1923587
1923604
1923652
1923654
1924231
1924985
1925022
1925332
1925583
1925689
1925879
1925925
1926979
1927073
1927074
1927840
1927846
1928182
1928470
1929075
1929203
1930091
1930312
1930314
1930315
1930741
1931900
1932996
1933646
1933665
1933731
1933822
1933897
1934026
1934104
1934117
1934283
1934285
1934304
1934339
1934342
1934363
1934365
1934615
1934624
1934662
1935473
1935522
1935815
1935931
1935990
1936266
1936434
1936641
1936977
1937051
1937350
1937454
1937506
1937538
1937616
1937666
1937684
1937760
1937885
1937906
1937919
1937993
1938082
1938108
1938211
1938642
1938921
1939042
1939433
1939714
1939832
1939929
1940003
1940005
1940204
1940213
1940273
1940311
1940344
1940349
1940372
1940375
1940387
1940570
1940702
1940705
1940759
1940787
1940826
1941160
1941187
1941283
1941647
1941803
1942113
1942564